POSE 0 -7.99777 -8 1.02901e-09
POSE 1 -7.99777 -8 -2.84524e-08
POSE 2 -7.99777 -8 -1.21521e-07
POSE 3 -7.99778 -8 -2.78178e-07
POSE 4 -7.99778 -8 -4.98424e-07
POSE 5 -7.99778 -8.00001 -7.82259e-07
POSE 6 -7.99778 -8.00001 -1.12968e-06
POSE 7 -7.99778 -8.00001 -1.5407e-06
POSE 8 -7.99778 -8.00002 -2.01531e-06
POSE 9 -7.99778 -8.00002 -2.55352e-06
POSE 10 -7.94779 -8.00003 -3.15278e-06
POSE 11 -7.89779 -8.00003 -4.03825e-06
POSE 12 -7.84779 -8.00004 -5.01084e-06
POSE 13 -7.79779 -8.00005 -6.07181e-06
POSE 14 -7.7478 -8.00006 -7.24399e-06
POSE 15 -7.6978 -8.00007 -8.50556e-06
POSE 16 -7.6478 -8.00008 -9.86746e-06
POSE 17 -7.59781 -8.00009 -1.12868e-05
POSE 18 -7.54781 -8.0001 -1.27941e-05
POSE 19 -7.49781 -8.00012 -1.44192e-05
POSE 20 -7.44782 -8.00013 -1.61488e-05
POSE 21 -7.39782 -8.00015 -1.79896e-05
POSE 22 -7.34782 -8.00016 -2.00878e-05
POSE 23 -7.29783 -8.00018 -2.24341e-05
POSE 24 -7.24783 -8.0002 -2.48635e-05
POSE 25 -7.19783 -8.00022 -2.7397e-05
POSE 26 -7.14783 -8.00024 -3.00262e-05
POSE 27 -7.09783 -8.00026 -3.27431e-05
POSE 28 -7.04784 -8.00028 -3.55431e-05
POSE 29 -6.99784 -8.00031 -3.84164e-05
POSE 30 -6.94784 -8.00033 -4.13502e-05
POSE 31 -6.89784 -8.00035 -4.43648e-05
POSE 32 -6.89785 -8.00038 0.0530966
POSE 33 -6.89785 -8.0004 0.106238
POSE 34 -6.89785 -8.00042 0.159379
POSE 35 -6.89786 -8.00044 0.212522
POSE 36 -6.89787 -8.00045 0.265664
POSE 37 -6.89788 -8.00046 0.318808
POSE 38 -6.8979 -8.00046 0.371952
POSE 39 -6.89792 -8.00046 0.425097
POSE 40 -6.89794 -8.00045 0.478243
POSE 41 -6.89796 -8.00045 0.531389
POSE 42 -6.89799 -8.00043 0.584536
POSE 43 -6.89802 -8.00041 0.637685
POSE 44 -6.89805 -8.00039 0.690834
POSE 45 -6.89809 -8.00035 0.743985
POSE 46 -6.89814 -8.00031 0.797137
POSE 47 -6.8982 -8.00027 0.850292
POSE 48 -6.89826 -8.00021 0.903448
POSE 49 -6.89834 -8.00015 0.956605
POSE 50 -6.89843 -8.00008 1.00977
POSE 51 -6.89852 -8 1.06293
POSE 52 -6.89862 -7.99992 1.11609
POSE 53 -6.89873 -7.99984 1.16925
POSE 54 -6.89884 -7.99975 1.22242
POSE 55 -6.89896 -7.99966 1.27558
POSE 56 -6.89908 -7.99957 1.32875
POSE 57 -6.8992 -7.99948 1.38191
POSE 58 -6.89932 -7.99938 1.43508
POSE 59 -6.89945 -7.99928 1.48825
POSE 60 -6.89545 -7.94935 1.48827
POSE 61 -6.89146 -7.89942 1.48829
POSE 62 -6.88746 -7.84948 1.48831
POSE 63 -6.88347 -7.79955 1.48834
POSE 64 -6.87947 -7.74961 1.48836
POSE 65 -6.87548 -7.69967 1.48838
POSE 66 -6.87148 -7.64974 1.4884
POSE 67 -6.86748 -7.5998 1.48842
POSE 68 -6.86348 -7.54986 1.48844
POSE 69 -6.85948 -7.49992 1.48846
POSE 70 -6.85548 -7.44998 1.48848
POSE 71 -6.85148 -7.40004 1.4885
POSE 72 -6.84748 -7.3501 1.48852
POSE 73 -6.84348 -7.30015 1.48854
POSE 74 -6.83948 -7.25021 1.48856
POSE 75 -6.83548 -7.20026 1.48858
POSE 76 -6.83147 -7.15032 1.4886
POSE 77 -6.82747 -7.10037 1.48862
POSE 78 -6.82346 -7.05042 1.48864
POSE 79 -6.81945 -7.00047 1.48865
POSE 80 -6.81545 -6.95053 1.48867
POSE 81 -6.81144 -6.90058 1.48869
POSE 82 -6.80743 -6.85062 1.4887
POSE 83 -6.80341 -6.80067 1.48872
POSE 84 -6.7994 -6.75072 1.48873
POSE 85 -6.79538 -6.70077 1.48875
POSE 86 -6.79137 -6.65082 1.48876
POSE 87 -6.78735 -6.60086 1.48878
POSE 88 -6.78333 -6.55091 1.48879
POSE 89 -6.77931 -6.50096 1.48881
POSE 90 -6.77529 -6.451 1.48882
POSE 91 -6.77127 -6.40105 1.48883
POSE 92 -6.76725 -6.3511 1.48885
POSE 93 -6.76322 -6.30114 1.48886
POSE 94 -6.7592 -6.25119 1.48887
POSE 95 -6.75926 -6.25106 1.43574
POSE 96 -6.75932 -6.25094 1.38261
POSE 97 -6.75937 -6.25082 1.32947
POSE 98 -6.75942 -6.2507 1.27634
POSE 99 -6.75946 -6.25058 1.2232
POSE 100 -6.7595 -6.25046 1.17007
POSE 101 -6.75952 -6.25035 1.11693
POSE 102 -6.75954 -6.25024 1.06379
POSE 103 -6.75955 -6.25014 1.01065
POSE 104 -6.75956 -6.25004 0.957511
POSE 105 -6.75955 -6.24995 0.904369
POSE 106 -6.75955 -6.24985 0.851226
POSE 107 -6.75953 -6.24977 0.798083
POSE 108 -6.75951 -6.24968 0.744938
POSE 109 -6.75949 -6.2496 0.691793
POSE 110 -6.75947 -6.24952 0.638648
POSE 111 -6.75944 -6.24944 0.585502
POSE 112 -6.75941 -6.24937 0.532356
POSE 113 -6.75938 -6.24929 0.479209
POSE 114 -6.75934 -6.24922 0.426063
POSE 115 -6.75931 -6.24914 0.372917
POSE 116 -6.75928 -6.24907 0.31977
POSE 117 -6.75924 -6.249 0.266624
POSE 118 -6.71098 -6.23575 0.266621
POSE 119 -6.66271 -6.22251 0.266618
POSE 120 -6.61444 -6.20927 0.266616
POSE 121 -6.56617 -6.19602 0.266613
POSE 122 -6.51791 -6.18277 0.266611
POSE 123 -6.46964 -6.16952 0.266609
POSE 124 -6.46961 -6.16944 0.213463
POSE 125 -6.42071 -6.15877 0.213461
POSE 126 -6.37181 -6.1481 0.213459
POSE 127 -6.32292 -6.13742 0.213457
POSE 128 -6.27402 -6.12675 0.213455
POSE 129 -6.22513 -6.11607 0.213454
POSE 130 -6.17623 -6.1054 0.213452
POSE 131 -6.12734 -6.09472 0.213451
POSE 132 -6.12731 -6.09463 0.160305
POSE 133 -6.12728 -6.09455 0.107159
POSE 134 -6.12725 -6.09447 0.0540134
POSE 135 -6.12722 -6.09439 0.000866972
POSE 136 -6.12719 -6.09431 -0.0522798
POSE 137 -6.07723 -6.09685 -0.0522827
POSE 138 -6.02727 -6.09939 -0.0522858
POSE 139 -5.97731 -6.10193 -0.052289
POSE 140 -5.92736 -6.10447 -0.0522921
POSE 141 -5.8774 -6.10702 -0.0522953
POSE 142 -5.82745 -6.10956 -0.0522985
POSE 143 -5.77749 -6.1121 -0.0523018
POSE 144 -5.72754 -6.11464 -0.0523051
POSE 145 -5.67759 -6.11719 -0.0523084
POSE 146 -5.62764 -6.11973 -0.0523118
POSE 147 -5.57769 -6.12227 -0.0523152
POSE 148 -5.52774 -6.12482 -0.0523186
POSE 149 -5.52773 -6.12474 0.000822014
POSE 150 -5.47772 -6.12463 0.000818648
POSE 151 -5.4277 -6.12452 0.000815372
POSE 152 -5.37769 -6.1244 0.000812075
POSE 153 -5.32768 -6.12429 0.000808702
POSE 154 -5.27767 -6.12418 0.00080524
POSE 155 -5.22766 -6.12407 0.000801722
POSE 156 -5.17766 -6.12396 0.000798026
POSE 157 -5.12765 -6.12385 0.000794276
POSE 158 -5.07764 -6.12374 0.00079048
POSE 159 -5.02763 -6.12363 0.000786639
POSE 160 -4.97763 -6.12352 0.000782756
POSE 161 -4.92762 -6.12342 0.000778831
POSE 162 -4.87762 -6.12331 0.000774864
POSE 163 -4.82761 -6.1232 0.000770862
POSE 164 -4.77761 -6.1231 0.000766827
POSE 165 -4.7276 -6.12299 0.000762644
POSE 166 -4.6776 -6.12289 0.000758422
POSE 167 -4.62759 -6.12278 0.000754162
POSE 168 -4.57759 -6.12268 0.000749862
POSE 169 -4.52759 -6.12258 0.000745527
POSE 170 -4.47759 -6.12247 0.000741169
POSE 171 -4.42759 -6.12237 0.000736786
POSE 172 -4.37759 -6.12227 0.000732368
POSE 173 -4.32759 -6.12217 0.000727928
POSE 174 -4.27759 -6.12207 0.000723466
POSE 175 -4.22759 -6.12197 0.000718971
POSE 176 -4.17759 -6.12187 0.000714456
POSE 177 -4.12759 -6.12177 0.00070992
POSE 178 -4.0776 -6.12167 0.000705342
POSE 179 -4.0276 -6.12157 0.000700734
POSE 180 -3.9776 -6.12147 0.000696097
POSE 181 -3.92761 -6.12137 0.000691432
POSE 182 -3.87761 -6.12127 0.000686731
POSE 183 -3.82762 -6.12118 0.000681989
POSE 184 -3.77763 -6.12108 0.000677226
POSE 185 -3.72763 -6.12099 0.000672444
POSE 186 -3.67764 -6.12089 0.000667642
POSE 187 -3.62764 -6.1208 0.000662819
POSE 188 -3.57765 -6.1207 0.000657971
POSE 189 -3.52766 -6.12061 0.000653115
POSE 190 -3.47766 -6.12051 0.000648231
POSE 191 -3.42767 -6.12042 0.000643328
POSE 192 -3.37768 -6.12033 0.000638407
POSE 193 -3.32768 -6.12023 0.000633465
POSE 194 -3.27769 -6.12014 0.00062851
POSE 195 -3.2277 -6.12005 0.000623549
POSE 196 -3.1777 -6.11996 0.000618573
POSE 197 -3.12771 -6.11986 0.00061358
POSE 198 -3.07771 -6.11977 0.000608572
POSE 199 -3.02772 -6.11968 0.000603542
POSE 200 -2.97773 -6.11959 0.000598497
POSE 201 -2.92773 -6.1195 0.000593437
POSE 202 -2.87774 -6.11941 0.000588366
POSE 203 -2.82775 -6.11932 0.000583286
POSE 204 -2.77775 -6.11923 0.000578192
POSE 205 -2.72776 -6.11915 0.00057309
POSE 206 -2.67777 -6.11906 0.000567979
POSE 207 -2.62777 -6.11897 0.000562852
POSE 208 -2.57778 -6.11888 0.000557722
POSE 209 -2.52779 -6.1188 0.000552579
POSE 210 -2.47779 -6.11871 0.000547426
POSE 211 -2.4278 -6.11862 0.000542265
POSE 212 -2.37781 -6.11854 0.000537088
POSE 213 -2.32781 -6.11845 0.000531893
POSE 214 -2.27782 -6.11837 0.000526688
POSE 215 -2.22783 -6.11828 0.000521475
POSE 216 -2.17784 -6.1182 0.000516253
POSE 217 -2.12784 -6.11811 0.000511028
POSE 218 -2.07785 -6.11803 0.000505802
POSE 219 -2.02786 -6.11795 0.000500573
POSE 220 -1.97786 -6.11786 0.000495334
POSE 221 -1.92787 -6.11778 0.000490079
POSE 222 -1.87788 -6.1177 0.000484818
POSE 223 -1.82789 -6.11762 0.00047955
POSE 224 -1.7779 -6.11753 0.000474274
POSE 225 -1.7279 -6.11745 0.000468997
POSE 226 -1.67791 -6.11737 0.000463711
POSE 227 -1.62792 -6.11729 0.000458417
POSE 228 -1.57793 -6.11721 0.000453114
POSE 229 -1.52793 -6.11713 0.000447811
POSE 230 -1.47794 -6.11705 0.000442509
POSE 231 -1.42795 -6.11697 0.000437202
POSE 232 -1.37796 -6.1169 0.000431888
POSE 233 -1.32797 -6.11682 0.000426567
POSE 234 -1.27798 -6.11674 0.000421238
POSE 235 -1.22798 -6.11666 0.000415903
POSE 236 -1.17799 -6.11658 0.000410559
POSE 237 -1.128 -6.11651 0.000405212
POSE 238 -1.07801 -6.11643 0.000399856
POSE 239 -1.02802 -6.11636 0.000394491
POSE 240 -0.978028 -6.11628 0.000389122
POSE 241 -0.928037 -6.11621 0.000383752
POSE 242 -0.878046 -6.11613 0.000378382
POSE 243 -0.828055 -6.11606 0.000373011
POSE 244 -0.778065 -6.11598 0.000367635
POSE 245 -0.728074 -6.11591 0.000362254
POSE 246 -0.678084 -6.11584 0.00035687
POSE 247 -0.628093 -6.11576 0.000351483
POSE 248 -0.578103 -6.11569 0.000346092
POSE 249 -0.528113 -6.11562 0.0003407
POSE 250 -0.478123 -6.11555 0.000335303
POSE 251 -0.428133 -6.11548 0.000329904
POSE 252 -0.378143 -6.11541 0.000324508
POSE 253 -0.328153 -6.11534 0.000319109
POSE 254 -0.278163 -6.11527 0.000313707
POSE 255 -0.228174 -6.1152 0.000308302
POSE 256 -0.178184 -6.11513 0.000302897
POSE 257 -0.128195 -6.11506 0.000297498
POSE 258 -0.0782053 -6.11499 0.000292099
POSE 259 -0.0282161 -6.11492 0.0002867
POSE 260 0.021773 -6.11485 0.000281301
POSE 261 0.0717619 -6.11479 0.000275897
POSE 262 0.121751 -6.11472 0.000270497
POSE 263 0.17174 -6.11465 0.000265103
POSE 264 0.221728 -6.11459 0.000259717
POSE 265 0.271717 -6.11452 0.000254329
POSE 266 0.321705 -6.11446 0.000248945
POSE 267 0.371693 -6.11439 0.000243568
POSE 268 0.421682 -6.11433 0.000238187
POSE 269 0.47167 -6.11426 0.00023281
POSE 270 0.521658 -6.1142 0.0533715
POSE 271 0.571574 -6.11148 0.10651
POSE 272 0.621279 -6.10611 0.159649
POSE 273 0.67063 -6.09811 0.212788
POSE 274 0.71949 -6.08749 0.265927
POSE 275 0.76772 -6.0743 0.319065
POSE 276 0.815183 -6.05856 0.372204
POSE 277 0.861746 -6.04032 0.425343
POSE 278 0.907276 -6.01963 0.478482
POSE 279 0.951645 -5.99656 0.531621
POSE 280 0.994728 -5.97115 0.58476
POSE 281 1.0364 -5.9435 0.637899
POSE 282 1.07655 -5.91366 0.691038
POSE 283 1.11506 -5.88174 0.744178
POSE 284 1.15183 -5.84781 0.797317
POSE 285 1.18674 -5.81198 0.797312
POSE 286 1.22165 -5.77615 0.797307
POSE 287 1.25657 -5.74033 0.797302
POSE 288 1.29148 -5.7045 0.797297
POSE 289 1.3264 -5.66868 0.797291
POSE 290 1.36132 -5.63285 0.797286
POSE 291 1.39623 -5.59703 0.797281
POSE 292 1.43115 -5.56122 0.797275
POSE 293 1.46608 -5.5254 0.797269
POSE 294 1.501 -5.48959 0.797264
POSE 295 1.53592 -5.45377 0.797258
POSE 296 1.57085 -5.41796 0.797252
POSE 297 1.60577 -5.38216 0.797246
POSE 298 1.6407 -5.34635 0.79724
POSE 299 1.67563 -5.31055 0.797234
POSE 300 1.71056 -5.27474 0.797228
POSE 301 1.74549 -5.23894 0.797222
POSE 302 1.78042 -5.20315 0.85036
POSE 303 1.81341 -5.16554 0.903498
POSE 304 1.84435 -5.12624 0.956635
POSE 305 1.87316 -5.08536 1.00977
POSE 306 1.89977 -5.043 1.06291
POSE 307 1.92408 -4.99929 1.11605
POSE 308 1.94604 -4.95435 1.16919
POSE 309 1.96559 -4.90831 1.22232
POSE 310 1.98266 -4.86129 1.27546
POSE 311 1.99722 -4.81343 1.3286
POSE 312 2.00921 -4.76487 1.38174
POSE 313 2.0186 -4.71574 1.38173
POSE 314 2.02799 -4.66661 1.38173
POSE 315 2.03739 -4.61748 1.38172
POSE 316 2.04678 -4.56835 1.38171
POSE 317 2.05617 -4.51922 1.38171
POSE 318 2.06557 -4.47008 1.43485
POSE 319 2.07233 -4.42052 1.48798
POSE 320 2.07646 -4.37067 1.54112
POSE 321 2.07793 -4.32067 1.54112
POSE 322 2.0794 -4.27067 1.54111
POSE 323 2.08088 -4.22067 1.54111
POSE 324 2.08235 -4.17067 1.5411
POSE 325 2.08382 -4.12067 1.54109
POSE 326 2.08529 -4.07067 1.54109
POSE 327 2.08676 -4.02067 1.54108
POSE 328 2.08823 -3.97067 1.54108
POSE 329 2.08971 -3.92067 1.54107
POSE 330 2.09118 -3.87067 1.54107
POSE 331 2.09265 -3.82067 1.54106
POSE 332 2.09412 -3.77067 1.54106
POSE 333 2.09559 -3.72067 1.54105
POSE 334 2.09707 -3.67067 1.54105
POSE 335 2.09854 -3.62067 1.54104
POSE 336 2.10001 -3.57067 1.54104
POSE 337 2.10149 -3.52066 1.54103
POSE 338 2.10296 -3.47066 1.54103
POSE 339 2.10443 -3.42066 1.54102
POSE 340 2.1059 -3.37066 1.54102
POSE 341 2.10738 -3.32066 1.54101
POSE 342 2.10885 -3.27066 1.54101
POSE 343 2.11032 -3.22066 1.541
POSE 344 2.11179 -3.17066 1.541
POSE 345 2.11327 -3.12066 1.54099
POSE 346 2.11474 -3.07066 1.54099
POSE 347 2.11621 -3.02066 1.54098
POSE 348 2.11769 -2.97066 1.54098
POSE 349 2.11916 -2.92067 1.54097
POSE 350 2.12063 -2.87067 1.54097
POSE 351 2.1221 -2.82067 1.54096
POSE 352 2.12358 -2.77067 1.54096
POSE 353 2.12505 -2.72067 1.54095
POSE 354 2.12652 -2.67067 1.54095
POSE 355 2.12799 -2.62067 1.54094
POSE 356 2.12947 -2.57068 1.54094
POSE 357 2.13094 -2.52068 1.54093
POSE 358 2.13241 -2.47068 1.54093
POSE 359 2.13388 -2.42068 1.54092
POSE 360 2.13535 -2.37069 1.54092
POSE 361 2.13682 -2.32069 1.54091
POSE 362 2.1383 -2.27069 1.54091
POSE 363 2.13977 -2.2207 1.5409
POSE 364 2.14124 -2.1707 1.5409
POSE 365 2.14271 -2.1207 1.5409
POSE 366 2.14418 -2.07071 1.54089
POSE 367 2.14565 -2.02071 1.54089
POSE 368 2.14713 -1.97072 1.59403
POSE 369 2.14594 -1.92072 1.64717
POSE 370 2.1421 -1.87085 1.70031
POSE 371 2.13561 -1.82125 1.75345
POSE 372 2.12649 -1.77206 1.80659
POSE 373 2.11478 -1.72343 1.85973
POSE 374 2.1005 -1.67549 1.91287
POSE 375 2.08369 -1.62838 1.96601
POSE 376 2.06439 -1.58222 2.01915
POSE 377 2.04268 -1.53715 2.07229
POSE 378 2.0186 -1.4933 2.12543
POSE 379 1.99222 -1.45078 2.17857
POSE 380 1.96362 -1.40973 2.23171
POSE 381 1.93288 -1.37025 2.28485
POSE 382 1.90008 -1.33246 2.33799
POSE 383 1.86532 -1.29646 2.39113
POSE 384 1.8287 -1.26235 2.44427
POSE 385 1.79032 -1.23024 2.49741
POSE 386 1.75028 -1.20021 2.55055
POSE 387 1.70871 -1.17234 2.60369
POSE 388 1.66571 -1.14673 2.65683
POSE 389 1.62141 -1.12343 2.70998
POSE 390 1.57593 -1.10251 2.76312
POSE 391 1.5294 -1.08403 2.76311
POSE 392 1.48288 -1.06556 2.76311
POSE 393 1.43635 -1.04709 2.76311
POSE 394 1.38982 -1.02862 2.76311
POSE 395 1.3433 -1.01014 2.81625
POSE 396 1.29585 -0.994167 2.86939
POSE 397 1.24762 -0.98073 2.86938
POSE 398 1.19939 -0.967292 2.86938
POSE 399 1.15117 -0.953855 2.86938
POSE 400 1.10294 -0.940418 2.86938
POSE 401 1.05471 -0.92698 2.86937
POSE 402 1.00648 -0.913543 2.86937
POSE 403 0.958256 -0.900106 2.86937
POSE 404 0.910028 -0.886668 2.86937
POSE 405 0.8618 -0.873231 2.86936
POSE 406 0.813572 -0.859794 2.86936
POSE 407 0.765344 -0.846357 2.86936
POSE 408 0.717117 -0.832921 2.86935
POSE 409 0.668889 -0.819484 2.86935
POSE 410 0.620661 -0.806047 2.86935
POSE 411 0.572433 -0.79261 2.86935
POSE 412 0.524205 -0.779174 2.86934
POSE 413 0.475977 -0.765737 2.86934
POSE 414 0.427749 -0.752301 2.86934
POSE 415 0.379521 -0.738865 2.86933
POSE 416 0.331292 -0.725429 2.86933
POSE 417 0.283064 -0.711992 2.86933
POSE 418 0.234836 -0.698556 2.86933
POSE 419 0.186608 -0.68512 2.86932
POSE 420 0.13838 -0.671684 2.86932
POSE 421 0.090152 -0.658249 2.86932
POSE 422 0.0419238 -0.644813 2.86931
POSE 423 -0.00630437 -0.631377 2.86931
POSE 424 -0.0545326 -0.617942 2.86931
POSE 425 -0.102761 -0.604507 2.8693
POSE 426 -0.150989 -0.591071 2.8693
POSE 427 -0.199217 -0.577636 2.8693
POSE 428 -0.247446 -0.564201 2.8693
POSE 429 -0.295674 -0.550766 2.86929
POSE 430 -0.343902 -0.537331 2.86929
POSE 431 -0.39213 -0.523896 2.86929
POSE 432 -0.440359 -0.510461 2.86928
POSE 433 -0.488587 -0.497026 2.86928
POSE 434 -0.536815 -0.483591 2.86928
POSE 435 -0.585044 -0.470157 2.86928
POSE 436 -0.633272 -0.456722 2.86927
POSE 437 -0.6815 -0.443288 2.86927
POSE 438 -0.729729 -0.429853 2.86927
POSE 439 -0.777957 -0.416419 2.86926
POSE 440 -0.826186 -0.402985 2.86926
POSE 441 -0.874414 -0.38955 2.86926
POSE 442 -0.922642 -0.376116 2.86925
POSE 443 -0.970871 -0.362682 2.86925
POSE 444 -1.0191 -0.349248 2.86925
POSE 445 -1.06733 -0.335814 2.86925
POSE 446 -1.11556 -0.32238 2.86924
POSE 447 -1.16378 -0.308946 2.86924
POSE 448 -1.21201 -0.295513 2.86924
POSE 449 -1.26024 -0.282079 2.86923
POSE 450 -1.30847 -0.268646 2.86923
POSE 451 -1.3567 -0.255212 2.86923
POSE 452 -1.40493 -0.241779 2.86922
POSE 453 -1.45315 -0.228346 2.86922
POSE 454 -1.50138 -0.214912 2.86922
POSE 455 -1.54961 -0.201479 2.86921
POSE 456 -1.59784 -0.188045 2.86921
POSE 457 -1.64607 -0.174611 2.86921
POSE 458 -1.6943 -0.161177 2.86921
POSE 459 -1.74252 -0.147743 2.8692
POSE 460 -1.79075 -0.134308 2.8692
POSE 461 -1.83898 -0.120874 2.8692
POSE 462 -1.88721 -0.107439 2.86919
POSE 463 -1.93544 -0.0940044 2.86919
POSE 464 -1.98366 -0.0805694 2.86919
POSE 465 -2.03189 -0.0671343 2.86918
POSE 466 -2.08012 -0.053699 2.86918
POSE 467 -2.12835 -0.0402635 2.86918
POSE 468 -2.17658 -0.0268279 2.86917
POSE 469 -2.2248 -0.0133921 2.86917
POSE 470 -2.27303 4.37914e-05 2.86917
POSE 471 -2.32126 0.0134799 2.86916
POSE 472 -2.36949 0.0269161 2.86916
POSE 473 -2.41771 0.0403525 2.86916
POSE 474 -2.46594 0.0537891 2.86915
POSE 475 -2.51417 0.0672258 2.86915
POSE 476 -2.5624 0.0806627 2.92229
POSE 477 -2.61127 0.0915223 2.97543
POSE 478 -2.66065 0.0997743 3.02857
POSE 479 -2.71041 0.105396 3.08171
POSE 480 -2.76039 0.108369 3.13485
POSE 481 -2.81046 0.108687 3.18799
POSE 482 -2.86048 0.106348 3.24114
POSE 483 -2.9103 0.101359 3.29428
POSE 484 -2.95979 0.0937337 3.34742
POSE 485 -3.00881 0.0834935 3.40056
POSE 486 -3.05721 0.0706674 3.4537
POSE 487 -3.10486 0.0552913 3.50684
POSE 488 -3.15164 0.0374088 3.55998
POSE 489 -3.19739 0.0170702 -2.67006
POSE 490 -3.24201 -0.00566713 -2.61692
POSE 491 -3.28535 -0.0307392 -2.56378
POSE 492 -3.3273 -0.058075 -2.51064
POSE 493 -3.36775 -0.0875976 -2.4575
POSE 494 -3.40657 -0.119224 -2.40436
POSE 495 -3.44365 -0.152863 -2.35122
POSE 496 -3.4789 -0.188422 -2.29808
POSE 497 -3.51221 -0.225799 -2.24494
POSE 498 -3.54349 -0.264889 -2.1918
POSE 499 -3.57265 -0.305581 -2.13866
POSE 500 -3.59962 -0.347761 -2.08552
POSE 501 -3.6243 -0.391311 -2.03237
POSE 502 -3.64664 -0.436106 -1.97923
POSE 503 -3.66656 -0.482021 -1.92609
POSE 504 -3.68403 -0.528925 -1.87295
POSE 505 -3.69898 -0.576688 -1.81981
POSE 506 -3.71137 -0.625173 -1.76667
POSE 507 -3.72117 -0.674245 -1.71353
POSE 508 -3.72835 -0.723764 -1.66039
POSE 509 -3.73289 -0.773591 -1.60725
POSE 510 -3.73478 -0.823586 -1.55411
POSE 511 -3.73402 -0.873606 -1.50097
POSE 512 -3.7306 -0.923512 -1.44783
POSE 513 -3.72454 -0.973162 -1.39468
POSE 514 -3.71585 -1.02242 -1.34154
POSE 515 -3.70455 -1.07114 -1.2884
POSE 516 -3.69069 -1.11918 -1.23526
POSE 517 -3.67429 -1.16642 -1.18212
POSE 518 -3.65541 -1.21272 -1.12898
POSE 519 -3.63409 -1.25794 -1.07584
POSE 520 -3.6104 -1.30196 -1.0227
POSE 521 -3.5844 -1.34466 -0.969555
POSE 522 -3.55617 -1.3859 -0.916413
POSE 523 -3.55621 -1.38592 -0.916415
POSE 524 -3.55625 -1.38593 -0.916417
POSE 525 -3.55629 -1.38594 -0.916419
POSE 526 -3.55632 -1.38595 -0.91642
POSE 527 -3.55635 -1.38596 -0.916422
POSE 528 -3.55638 -1.38597 -0.916423
POSE 529 -3.55641 -1.38598 -0.916424
POSE 530 -3.55643 -1.38598 -0.916425
POSE 531 -3.55646 -1.38599 -0.916426
POSE 532 -3.55648 -1.38599 -0.916427
POSE 533 -3.55649 -1.386 -0.916428
POSE 534 -3.55651 -1.386 -0.916428
POSE 535 -3.55652 -1.38601 -0.916429
POSE 536 -3.55653 -1.38601 -0.916429
POSE 537 -3.55654 -1.38601 -0.91643
POSE 538 -3.55654 -1.38601 -0.91643
POSE 539 -3.55655 -1.38602 -0.91643
LANDMARK 0 -0.224337 2.66062
LANDMARK 1 -0.649601 -2.78882
LANDMARK 2 0.164569 -7.61462
LANDMARK 3 0.281372 7.67397
LANDMARK 4 -7.68136 -0.850953
LANDMARK 5 -3.83486 4.38132
LANDMARK 6 3.73613 4.96087
LANDMARK 7 7.69617 0.298973
LANDMARK 9 7.70167 -5.60081
