-7.999999999922304 -7.999999999999999 6.127821118512374e-14
-7.999999999921045 -8.0 3.97439938888215e-14
-7.999999999919777 -7.999999999999997 1.8097836372450643e-14
-7.999999999919777 -7.999999999999997 1.8097836372450643e-14
-7.999999999919777 -7.999999999999997 1.8097836372450643e-14
-7.999999999919777 -7.999999999999997 1.8097836372450643e-14
-7.999999999919777 -7.999999999999997 1.8097836372450643e-14
-7.999999999919777 -7.999999999999997 1.8097836372450643e-14
-7.999999999919777 -7.999999999999997 1.8097836372450643e-14
-7.999999999919777 -7.999999999999997 1.8097836372450643e-14
-7.993760651945596 -8.000001115859012 -0.00016679457295401594
-7.949966743379872 -8.000030030422497 -0.0007447007658352785
-7.898965567659954 -8.000068007709869 -0.0007447077994197799
-7.844964374735484 -8.000108219307474 -0.000744715221274003
-7.79746338676272 -8.000143590906141 -0.0007447217538786122
-7.739962288695837 -8.00018640949954 -0.0007447296649794682
-7.699961599517663 -8.000216196559798 -0.000744735169660502
-7.645460773446055 -8.000256781699669 -0.0007447426708562651
-7.584960026057971 -8.000301835280759 -0.0007447509987965428
-7.53995959598152 -8.00033534644184 -0.0007447571935545501
-7.496959291206674 -8.000367368399319 -0.0007447631132495824
-7.439959053334567 -8.000409816378943 -0.0007447709606429984
-7.389959003269711 -8.000447051698869 -0.0007447778450312495
-7.340958933152052 -8.000483542658758 -0.0007447845079508604
-7.296958748128391 -8.000516310423052 -0.00074479056739678
-7.2439583755083365 -8.000555781150009 -0.00074479786651028
-7.200957957341902 -8.000587804940443 -0.0007448037886348984
-7.1474573002144055 -8.000627648950962 -0.000744811157124838
-7.094456510752115 -8.000667121079262 -0.0007448184570507986
-7.045455670483837 -8.00070361460529 -0.0007448252063098701
-6.994954707385576 -8.000741225698343 -0.000744832162450081
-6.949953778611449 -8.000774740882102 -0.0007448383580057423
-6.893619896645925 -8.000818741744926 -0.0006662983083219838
-6.865893306320546 -8.000887725476286 0.013768214760218675
-6.856297072423076 -8.00087077227242 0.05515903093406962
-6.8514187711125825 -8.000483113223767 0.10405245191203041
-6.846617785423511 -7.999865530616446 0.15241431780275108
-6.841018815317633 -7.998843476117242 0.2092792233759051
-6.83579502073956 -7.997588167559644 0.2629552867969877
-6.830494373570327 -7.996004564413942 0.3182255201583151
-6.824843772719247 -7.9939548208417275 0.3782785499152549
-6.821019787852568 -7.992343713465965 0.41973095208521055
-6.815134389526459 -7.989485015646321 0.485097973421493
-6.810540851229354 -7.986908564374999 0.537710244269298
-6.806133273378616 -7.984123596219848 0.5897908883493351
-6.802389298801958 -7.981493379812354 0.6354941969030186
-6.7975785304468195 -7.977714545431593 0.6966103663388696
-6.79433316358163 -7.97488003952266 0.7396579537461608
-6.790676398895632 -7.9713765190522485 0.791390849300512
-6.790381518620293 -7.971168232412465 0.8588031140792368
-6.790375457800329 -7.971159880893276 0.9251257872935432
-6.790369991188856 -7.971151206431391 0.9901730101787636
-6.7903657753181585 -7.971143541757726 1.0450167352755624
-6.790361394611593 -7.971134347319276 1.1081507764964447
-6.7903575117410595 -7.971124725361723 1.1719224687458727
-6.790361699090171 -7.971135228457848 1.2369256323299935
-6.791479982849171 -7.974911544461314 1.3036413058848106
-6.792723325940245 -7.979960853485433 1.3557217904873773
-6.793836543956496 -7.985906238352512 1.4163054142513571
-6.794448398354449 -7.990535308235211 1.4630718692734326
-6.791674103324619 -7.9856827943473 1.5147183456418203
-6.788830906210577 -7.948486997738386 1.5479825522074964
-6.787830774011978 -7.903457196194517 1.5500696218768213
-6.786763412593329 -7.851967546005861 1.5500697446045235
-6.785986214891071 -7.814475102965578 1.5500699683971528
-6.784338597080078 -7.734991202862199 1.5500708075012541
-6.78338529641614 -7.6890005795401715 1.5500715091053836
-6.78265998204287 -7.6540077159811 1.5500720948721889
-6.781592767779888 -7.602518130109673 1.5500728902415288
-6.78048414712689 -7.549028849233035 1.5500736184261337
-6.77958277077132 -7.505537499434512 1.550074127999306
-6.7784638474619365 -7.4515481691385705 1.5500746481785868
-6.777438188421455 -7.402057896620017 1.5500750081403285
-6.776236423778228 -7.344069249094458 1.5500752801103754
-6.775324747715711 -7.300077842159907 1.5500753752326883
-6.774330194113622 -7.2520872110237535 1.550075368004725
-6.773522117388078 -7.213094828180056 1.5500752768849877
-6.772299632409374 -7.154106377418968 1.5500749963147658
-6.771522619239784 -7.116613743891068 1.5500747309714737
-6.770528026604858 -7.068623213568504 1.55007429677067
-6.769295115007215 -7.009135032116647 1.550073620130161
-6.767834214938104 -6.938649177603489 1.550072639763294
-6.767129642569678 -6.904656063317128 1.5500721060169933
-6.766103835863954 -6.855166160288497 1.5500712830388432
-6.765160888122313 -6.809675420656772 1.5500706344501167
-6.764041750921532 -6.755686355465665 1.550070066360396
-6.76300548964823 -6.705696436314094 1.55006974397068
-6.762114295112421 -6.662705079900853 1.5500696273890027
-6.760984755569522 -6.60821601170462 1.5500696952686899
-6.75996921434024 -6.559225828716874 1.5500699610556692
-6.759078039319932 -6.516234443157737 1.5500703508893428
-6.757730954134892 -6.451247480374075 1.5500712073027128
-6.756891648737625 -6.410755622181192 1.550071894765318
-6.755928039690265 -6.364264996667212 1.5500728187677635
-6.754943752988294 -6.316774547324652 1.5500737752851634
-6.754613822162988 -6.276381061757125 1.5478957785939382
-6.755189363890088 -6.25671123682901 1.531130830044391
-6.755867554302388 -6.244256825317888 1.4922979576762838
-6.756095621433221 -6.241729110587067 1.429757979444138
-6.756094457034862 -6.241718702645764 1.3659874849417473
-6.756092690741924 -6.241708781961718 1.3041301593941768
-6.756090224655036 -6.241698774136286 1.2403597704398748
-6.7560871571794765 -6.241689123606615 1.177227118839105
-6.756083513811556 -6.241679764237544 1.1140944340888077
-6.75607929413039 -6.24167072975774 1.050961757934917
-6.756074509828409 -6.241662052984706 0.987829104810607
-6.756069182699232 -6.241653764635466 0.9246964715108001
-6.756063149819761 -6.241645661725041 0.8596507483904058
-6.7560567884934475 -6.241638248199099 0.7965181573335105
-6.756049877911591 -6.241631236002689 0.7327478933325507
-6.756042648768317 -6.241624850499787 0.6702530791874212
-6.756029465226691 -6.2416150629424045 0.6071339520548839
-6.754827294938574 -6.240881819960027 0.5385071162423685
-6.750189834289474 -6.238274385690661 0.4853643011768348
-6.745420495457903 -6.235917040535692 0.4322212455356622
-6.740582164629932 -6.233836145959411 0.3796093830594544
-6.73513689928157 -6.231842948941934 0.3216829186597663
-6.73086713717829 -6.230524006651557 0.27704214730669763
-6.724990861110706 -6.228868909499285 0.2211229781528177
-6.689189255441202 -6.221763132333228 0.1713010063631043
-6.651454446595588 -6.215448840376996 0.16381852370251812
-6.600150149587817 -6.2069682621541515 0.1638179288924473
-6.556738911926726 -6.199792428070719 0.16381743996559306
-6.502968178033182 -6.190904203586796 0.1638171025825359
-6.464113612698958 -6.184900655327606 0.16071702406330649
-6.426842796088714 -6.178816113077334 0.14914167967900568
-6.377401773943326 -6.171387608043778 0.1491344040259344
-6.330923160261128 -6.164404188076087 0.14913482079262752
-6.281477697728545 -6.156974977187016 0.14913524720669397
-6.238954499074539 -6.150585823835446 0.14913559485455297
-6.180114116410424 -6.141744973215036 0.14913603902854214
-6.12077912601875 -6.132829781544596 0.14913643461139064
-6.074018852958833 -6.126127405025756 0.14943172810671765
-6.053634505570897 -6.1231564417514965 0.1409455149795171
-6.05006264738096 -6.122633601984744 0.09917402647696937
-6.054611902386542 -6.122982344436304 0.053469263350654654
-6.059755953694182 -6.123125782140642 0.001918404271249274
-6.056365424567336 -6.124167872620494 -0.05561355895214573
-6.030014211408904 -6.128263787219097 -0.08216086732780152
-5.984580878095011 -6.1325813332828405 -0.08630515890596348
-5.9233083725007 -6.137882638144565 -0.08630523596328128
-5.882958159730346 -6.14137374561339 -0.08630526153459486
-5.826168957667694 -6.146287158190793 -0.08630526308532374
-5.783826135959121 -6.1499506666380155 -0.08630523843479994
-5.733014772076054 -6.154346872769014 -0.08630517969340107
-5.675229351743285 -6.159346470515716 -0.08630507541848655
-5.627905144800826 -6.163440958256807 -0.08630496152401314
-5.573108781522068 -6.1681819289706254 -0.0863047998606643
-5.533755097828099 -6.1715867961346715 -0.08630466585979214
-5.492616078547152 -6.174900429790593 -0.0847778267160754
-5.472288485833682 -6.176468739280783 -0.05407811927886752
-5.44070927699396 -6.17759544376851 -0.020427805692648977
-5.388476088135035 -6.178422257155888 -0.014905941459999471
-5.346480359608617 -6.179048289698452 -0.01490595628774334
-5.294485786614005 -6.1798233764262624 -0.014905975431600793
-5.242491373448489 -6.180598461790778 -0.014905995281096178
-5.190497105080026 -6.181373545929056 -0.014906002806656271
-5.144002162965401 -6.182066650591662 -0.014905985050204358
-5.09450740606907 -6.1828044728876534 -0.01490596650921874
-5.045012507541921 -6.183542296391852 -0.014905948618242178
-4.984518559385655 -6.184444082238509 -0.014905928032100935
-4.946022312016489 -6.185017946799925 -0.014905915866280931
-4.896027080414927 -6.18576322634841 -0.014905901368918976
-4.848531510720349 -6.186471242770157 -0.014905889148506825
-4.790036851555125 -6.187343221875011 -0.014905876433371252
-4.736041688692053 -6.188148126454015 -0.01490586721206445
-4.692045579473115 -6.188803975060856 -0.014905861581327728
-4.640050136288817 -6.189579069222683 -0.014905857235848429
-4.595554015005958 -6.190242371135973 -0.014905855548191018
-4.547058236739139 -6.190965295741943 -0.014905855868596718
-4.493562906892166 -6.191762748546222 -0.014905858827742488
-4.44756695019672 -6.19244840866455 -0.014905863519020528
-4.392071883868927 -6.1932756720318904 -0.014905871728579736
-4.3375768090935285 -6.194088029067738 -0.014905882357694498
-4.28508164866238 -6.194870574026006 -0.014905894818044019
-4.245085409365043 -6.195466798130452 -0.014905905641989927
-4.195590162338835 -6.196204624614941 -0.014905920452779836
-4.136096035522649 -6.197091505590759 -0.0149059400249676
-4.090600654210536 -6.19776970760343 -0.014905956042783426
-4.043605547831891 -6.198470266878213 -0.014905973303034038
-3.9926110040908434 -6.199230446972527 -0.014905992576231156
-3.9381169973899626 -6.200042794907205 -0.014906004293705933
-3.8941217941799273 -6.200698635802913 -0.014905987470194296
-3.843627157655144 -6.201451363495717 -0.014905968493055423
-3.789132780245373 -6.202263714596703 -0.014905948743292275
-3.7386378434213343 -6.203016444849254 -0.01490593143066256
-3.6871428707146183 -6.203784081811379 -0.014905915046880738
-3.644146971152374 -6.2044250222379995 -0.01490590254644991
-3.594651592781499 -6.2051628498481275 -0.014905889684646227
-3.5431563029676787 -6.205930489510427 -0.014905878240405656
-3.4906610187476943 -6.20671303552583 -0.014905868831108351
-3.4396655353542034 -6.207473223631877 -0.014905862020916656
-3.3866701815301568 -6.2082632234411435 -0.014905857423716097
-3.34067419136169 -6.208948883845059 -0.014905855584777293
-3.2951781518268244 -6.209627091466418 -0.014905855758614842
-3.238183126886166 -6.210476714082954 -0.014905858767332204
-3.195686861403758 -6.211110204415393 -0.014905862997652768
-3.1451913437442816 -6.21186293960284 -0.014905870159375908
-3.094195937195243 -6.212623127043261 -0.014905879634079267
-3.0467002909955094 -6.213331144111449 -0.014905890350953622
-2.9907055356024794 -6.214165858016678 -0.0149059051190531
-2.9407103351811577 -6.214911137291147 -0.014905920032344555
-2.885215806722048 -6.215738396056647 -0.014905938201357345
-2.841720209556261 -6.216386787086438 -0.014905953411772484
-2.7927252963585225 -6.217117157505314 -0.014905971321841075
-2.7387310644570424 -6.217922054134127 -0.014905991698552598
-2.684237056090646 -6.218734402065428 -0.014906005434847656
-2.6442414309882096 -6.219330620926245 -0.014905990125188841
-2.587747448120745 -6.220172781452456 -0.0149059688578399
-2.54425195415388 -6.220821171610342 -0.014905953007528597
-2.4852578972944825 -6.221700598779183 -0.014905932601471817
-2.437262597684771 -6.222416066099805 -0.014905917205053494
-2.3902670923558893 -6.223116628771102 -0.014905903407464246
-2.345271305121989 -6.223787381038497 -0.01490589155924042
-2.2952758942622613 -6.224532662118463 -0.014905880141739701
-2.243280580290741 -6.225307755180755 -0.014905870416635972
-2.1932850201234233 -6.226053037531189 -0.014905863237400459
-2.14328941254191 -6.2267983202873936 -0.01490585834743437
-2.0827946898172542 -6.2277001127437535 -0.014905855577051461
-2.033798955087323 -6.228430490181785 -0.014905855899644339
-1.9888028815192569 -6.229101244892801 -0.014905858217228575
-1.9398071834864803 -6.229831622019366 -0.014905862906551284
-1.8898116190188121 -6.2305769044119925 -0.014905869947251372
-1.8343166176360082 -6.231404167227519 -0.014905880296813981
-1.791820512408298 -6.23203765620007 -0.014905889906388244
-1.7318261294718245 -6.232931992562668 -0.014905905730464632
-1.6938297682848185 -6.233498404899006 -0.014905916976260604
-1.644334613198579 -6.234236230600926 -0.014905932853210976
-1.5893401466996835 -6.235056035655265 -0.01490595184811604
-1.536345638424946 -6.235846028257187 -0.014905971175614563
-1.4803516187898742 -6.2366807359053755 -0.014905992305295847
-1.4288572792028047 -6.2374483674662535 -0.014906005771125372
-1.3873618159489143 -6.238066944569301 -0.014905989886863895
-1.3393669352058715 -6.2387824083347105 -0.014905971781314907
-1.291871868846734 -6.239490420480394 -0.01490595438958929
-1.2438767256889616 -6.240205886482753 -0.014905937596047926
-1.1953815086509634 -6.2409288063166555 -0.014905921670375995
-1.145386317945864 -6.241674085531797 -0.01490590659563902
-1.0963909223923833 -6.2424044600880295 -0.014905893369915935
-1.0453956141738199 -6.243164646707015 -0.014905881445814666
-0.9959000846107882 -6.243902475605155 -0.014905871849415704
-0.9459045334129903 -6.244647757885348 -0.014905864365781911
-0.896408888341905 -6.24538558776514 -0.014905859106282272
-0.8459132985911794 -6.246138323575973 -0.01490585610245693
-0.793417868929134 -6.246920870828558 -0.014905855559410824
-0.745922009077132 -6.247628889726459 -0.014905857342537373
-0.6969263025740181 -6.248359266921497 -0.014905861419391155
-0.6469307250672337 -6.2491045494191315 -0.01490586785864133
-0.5969352069047754 -6.249849831409114 -0.014905876500319255
-0.545939856878813 -6.250610018367943 -0.014905887443971306
-0.49644446142703635 -6.251347846106556 -0.01490589995518392
-0.4469491697893777 -6.2520856729587 -0.014905914134724042
-0.3919545377214817 -6.2529054794076835 -0.014905931582009457
-0.34095965536464334 -6.253665662373812 -0.014905949074409614
-0.2974641339250129 -6.254314052758785 -0.014905964774677144
-0.24346984548304096 -6.255118949871406 -0.014905984968376687
-0.19547506761902728 -6.255834412733132 -0.014906003311766726
-0.1439807429616205 -6.256602044156453 -0.014905995033016074
-0.08748680283106869 -6.257444204319922 -0.014905973643019672
-0.04499123768985358 -6.258077688681788 -0.014905957995512528
0.005003675756689141 -6.258822965518584 -0.014905940337032565
0.0544987726075748 -6.2595607907178215 -0.014905923910618362
0.1044939444893388 -6.260306069759692 -0.014905908641038867
0.15548913703649053 -6.261066255382846 -0.014905894681562112
0.21598356840067873 -6.261968045356859 -0.014905880545324568
0.2544800893545771 -6.262541912255766 -0.01490587305916869
0.31297487955717856 -6.263413892478374 -0.014905864113290047
0.370969781535057 -6.264278420453607 -0.014905858293129045
0.41796568026275244 -6.26497898648231 -0.014905855893100665
0.4684612844202415 -6.2657317224149605 -0.014905855667520127
0.506390549918349 -6.266339414453936 -0.014624254161523124
0.5515083905500662 -6.266706208613911 0.01450483017505653
0.6016337720233447 -6.264507909317538 0.07390908765675787
0.6465429551709088 -6.259980130498652 0.12758514875391042
0.685865442658699 -6.253998132613878 0.17488345170007752
0.7266043955643646 -6.245768316121264 0.22430704889857372
0.7784821194841032 -6.232193598233614 0.288078965109225
0.8209936684154511 -6.218369474954538 0.34124932265605734
0.8692719002589024 -6.199462453637274 0.4065386390548943
0.9047082811431564 -6.183163655879831 0.4562797003426878
0.9493120778841506 -6.1594773573098935 0.5206880191847999
1.0006035834726112 -6.127394867828466 0.5978504957812376
1.0306968007033759 -6.105859648571565 0.6450407906894248
1.0742260329375968 -6.070627734892889 0.7164639675026162
1.117594270232045 -6.029893225282845 0.7923506032577822
1.1452572600673154 -5.997159270306845 0.8419925166503724
1.1666872827998702 -5.958386296109987 0.8612418042522636
1.1983416421753372 -5.918650871166397 0.8647411110120181
1.2353259366958134 -5.875277307101223 0.8647418051335769
1.2719856886454328 -5.832284288091419 0.8647425856119438
1.299885942984825 -5.799563992876741 0.864743231715612
1.3352478009846565 -5.758092967107768 0.8647440265010033
1.3654188990720246 -5.722709418854786 0.8647445096651865
1.4027272193253624 -5.678955563626089 0.8647448342679405
1.4348447974716059 -5.6412892106679875 0.8647448673279524
1.4562565085611567 -5.616178320019526 0.8647447622358218
1.50005317750452 -5.564815179724094 0.8647442343261749
1.5308730805553024 -5.528670760310791 0.8647436856022916
1.5603953900505194 -5.494048146783444 0.8647431810981479
1.5954329621956365 -5.452957492560225 0.8647426249052194
1.6233333270147388 -5.420237099533194 0.8647422214228677
1.6580466557639544 -5.379526779626842 0.8647417758923337
1.6909705201351213 -5.346251202036344 0.8723647618675838
1.7255983785721565 -5.3089312399987305 0.9141835393998932
1.7586512539297356 -5.263725172283026 0.9652054023273955
1.7848496392193023 -5.224100586629808 1.0084831497084312
1.8088124869462996 -5.184247618251426 1.050849921046842
1.8326705361054616 -5.140304471487261 1.0964056024700775
1.859232577535152 -5.084836665666811 1.1524389872863674
1.8729484762335933 -5.05263300918633 1.1843277905006409
1.8953462619034904 -4.992681634521071 1.2426383821312816
1.9059592557499718 -4.959851894078663 1.2740711828462574
1.9186211048026114 -4.915107248823803 1.3164367931309988
1.9312013069823157 -4.848904767894502 1.3586676915750453
1.9411455410221448 -4.801387346373454 1.3595218400143316
1.9518406920430034 -4.751520819531315 1.359521132854051
1.9614873129691575 -4.706543252925849 1.359520488605829
1.9706096899094379 -4.664010100925844 1.3595200235292104
1.986071329831515 -4.604025123487692 1.370080876673693
1.9955179725939916 -4.561012700983842 1.4066487114177264
2.0033623321729706 -4.504023397325735 1.4619192128538703
2.0073694330673217 -4.441662941553432 1.5124237518950885
2.0094300975751533 -4.395996855383202 1.520937533223685
2.011573159997092 -4.353049614562575 1.520938085483976
2.0143391642766666 -4.297617743997813 1.5209389768529171
2.016357564282226 -4.25716749194455 1.520939745296847
2.019123463688819 -4.201735706011184 1.5209409159603875
2.021341123338684 -4.157290356919276 1.5209417657963784
2.0240072559528253 -4.103855994523716 1.5209426116027165
2.026897601228112 -4.045927088298567 1.5209432952514987
2.0293892535696587 -3.9959883376239875 1.5209436790377613
2.0314822308648224 -3.9540397704208576 1.520943849504811
2.033998782170559 -3.9036016048897926 1.5209438680113652
2.036988749920874 -3.843675080699252 1.5209436253363602
2.0395053220202737 -3.793236947751912 1.5209432021447464
2.041473746413413 -3.753785364819501 1.5209427363878891
2.0440402025554496 -3.702348536860357 1.5209419592395987
2.0468807949836503 -3.6454185315817362 1.5209408895176046
2.0497463686284445 -3.5879892029882603 1.5209396795946788
2.0515405023987023 -3.5520334225810473 1.5209389985100437
2.0537582843086057 -3.5075880529599606 1.520938264714899
2.0561754527062397 -3.459147565027082 1.520937610936214
2.05914088343645 -3.3997205489169176 1.520937030328856
2.061533184531234 -3.3517794189941625 1.5209367479428857
2.0642245339231335 -3.297845654142334 1.520936634346395
2.067314600038109 -3.2359217292252627 1.5209367726751644
2.069457699844242 -3.1929745194474624 1.5209370358250909
2.072273608380131 -3.1365439325422586 1.520937583969411
2.0745910960618588 -3.090101112026133 1.5209382002062746
2.0767341184467116 -3.0471540365836294 1.5209388953591791
2.079649573819297 -2.9887260509957057 1.5209399144262632
2.081618099989767 -2.949274614154014 1.5209405307123953
2.0844088869334163 -2.8933433851919688 1.520941286292671
2.0866763756477673 -2.847899204388461 1.5209417890915722
2.0892179346645294 -2.796961722474349 1.5209422255903455
2.0921332319819794 -2.738533388956111 1.5209425522158557
2.0941515069767007 -2.6980829869090615 1.520942665803647
2.0969422048667936 -2.6421515593741107 1.5209426687059093
2.09903523063238 -2.600202993980876 1.5209425534445133
2.101925610552812 -2.542274047361893 1.5209422314542806
2.104392416999947 -2.492834725335241 1.520941812280987
2.1069090801270423 -2.442396678776445 1.5209412542490557
2.1091516748162977 -2.3974519374804886 1.5209406531105742
2.112316270498113 -2.3340300149799806 1.520939653708743
2.1140356430768183 -2.299572491255311 1.5209390447503905
2.116477686674857 -2.25063280800392 1.5209382356074368
2.1191689632913735 -2.1966992084341577 1.52093752452503
2.1221343928941603 -2.1372722998445473 1.5209369750296222
2.1247884515696125 -2.093081059018417 1.523965838559745
2.1269693004603325 -2.0436743838923075 1.5533044977555
2.126183516060918 -1.980023556129058 1.614009517649202
2.1228073015407714 -1.929799753893354 1.662371472827397
2.117236715442083 -1.8814415437328695 1.7091390485002906
2.109207438927688 -1.8323091744215387 1.7569694879563302
2.095680676103304 -1.7707208524721338 1.817554652109736
2.081414088800628 -1.7195707659614814 1.8685736805106161
2.061499204111936 -1.660908563990375 1.9280958083817616
2.038576960737303 -1.6045469678351998 1.9865549619863871
2.0208338865720883 -1.566433368050952 2.026944885545442
1.9908235874862867 -1.5097218589640358 2.088592627343683
1.9648751498774726 -1.4666009275429643 2.136938324569731
1.9305702891263241 -1.4158680005284874 2.1936379835905915
1.9045068876976754 -1.3810384956864659 2.233269465332644
1.8705918693756065 -1.3396610837252008 2.282012143049457
1.8422375376644746 -1.307999103000685 2.320733318710788
1.802685243067967 -1.267651237814434 2.3722101051712112
1.7704760788953644 -1.237671095442015 2.412298458429675
1.730898946680399 -1.2039388992189997 2.4596757635987103
1.6917801316390855 -1.1736038678095202 2.504775369736445
1.6468016120245066 -1.1420346627588833 2.554957493621246
1.6082296671825604 -1.1176960116533867 2.605612843448845
1.57133699496529 -1.0994996921962272 2.6485101121040073
1.5187174556803738 -1.0782649943339422 2.6604990865628784
1.4779384407044796 -1.0569782923766873 2.6604994112997407
1.4247483774630285 -1.0292130233418304 2.6604995715182573
1.3864167110676535 -1.0012605429326407 2.6884895506084003
1.350784250301723 -0.9838431760802401 2.7343069063482055
1.3095543287832248 -0.9717522101601377 2.7659554309883605
1.2576863113677619 -0.9538739877788361 2.771284060875224
1.2110750013253369 -0.9357786056272819 2.7712832315907723
1.1691247444014476 -0.9194926948333357 2.771282543934192
1.1257760749940247 -0.9026638596823324 2.7712819017642674
1.063782707306825 -0.8785967220947437 2.7712811207561003
1.0292901094977052 -0.8652059432565065 2.7712807631436336
0.9817462139710713 -0.8467483450674469 2.7712803674690973
0.9402618019458742 -0.8306431578985356 2.771280118811519
0.891319492345657 -0.8116426340866438 2.7712799455645962
0.8433094046553498 -0.7930040141932214 2.7712799044895653
0.7948332025716587 -0.7741844392509157 2.7712799929569996
0.751950423129009 -0.7575363663146627 2.7712801792311543
0.7104660186863659 -0.7414311854492677 2.771280453577733
0.6573287402824763 -0.7208021190566929 2.7712809346575873
0.6191072324389985 -0.7059637049023724 2.771281365749401
0.5636395134665807 -0.6844299764854826 2.771282107615913
0.510968587186783 -0.6639820688717715 2.7712829259954512
0.4652894669441806 -0.6462485626093987 2.7712837127917154
0.4172798529442925 -0.6276103599209257 2.7712845490160984
0.3837197299873347 -0.614581736766392 2.7712850148284396
0.3389728940553704 -0.5972102610497773 2.7712854595360135
0.29189549745597687 -0.5789340412507247 2.7712857035908294
0.23922476560576708 -0.5584864043677736 2.7712857001080025
0.18235905993489482 -0.5364101996314187 2.771285368878567
0.14134121045043124 -0.5204863750779508 2.771284922884855
0.10405226172378301 -0.5060101519726841 2.7712844146643434
0.05837321248745164 -0.48827671561888303 2.771283817559718
0.001973440669391091 -0.46638125860234725 2.771283141750656
-0.03951077197083247 -0.45027627679199844 2.7712826965381105
-0.08425785751928311 -0.43290456148583556 2.7712822729521447
-0.13459840342701296 -0.4133613288754394 2.7712818737743037
-0.180743960666703 -0.39544665869880335 2.771281585675338
-0.2240928552997813 -0.3786176992840652 2.771281386930234
-0.279094713638833 -0.357264801203377 2.771281239222532
-0.3168502381066138 -0.34260729518500393 2.771281207021325
-0.362995878909547 -0.3246925656649138 2.771281244490027
-0.41799773530675605 -0.3033396687927338 2.77128139878673
-0.467872264328273 -0.2839773214828704 2.7712816393442847
-0.4981698514216188 -0.272215164886507 2.771281830416224
-0.5569004914617799 -0.24941472438016357 2.7712822919878106
-0.5965203074852803 -0.23403351750316556 2.7712826665559604
-0.6384706391707993 -0.21774757753068752 2.771283113290963
-0.6874126029585284 -0.19874737793269856 2.771283692203517
-0.7368205728071678 -0.17956630055122663 2.7712843299718353
-0.7862284346486383 -0.160385302529733 2.771284996549457
-0.8309751862790502 -0.14301385877532835 2.7712854481578004
-0.8789847613456403 -0.1243757516527158 2.7712857023164905
-0.9246638019573814 -0.10664240344516362 2.7712857189884748
-0.9801312289750767 -0.08510903644246899 2.7712854438984573
-1.0174202592010078 -0.07063280759782692 2.771285079607669
-1.0617009770421855 -0.053442263337238005 2.7712844653492854
-1.1087783685323207 -0.03516596218942161 2.771283634624451
-1.1619153224301817 -0.014537174632218819 2.7712827328665206
-1.217382962539655 0.006996485733475333 2.7712818988876364
-1.2481465739680278 0.01893956400384872 2.771281490284552
-1.2961565096627057 0.037578053446958526 2.7712809374606784
-1.3478954376484302 0.057664248527431766 2.771280466570002
-1.3851847878118795 0.07214081357300933 2.771280212545532
-1.4462461384361123 0.0958462229263069 2.7712799582062635
-1.4807388218222806 0.10923707519061307 2.7712799054303185
-1.533876200025205 0.12986622705526596 2.7712799534826473
-1.5762928682512667 0.1463333477691584 2.771280104107056
-1.6215062167705934 0.16388619291770376 2.771280372200619
-1.6732451587491581 0.18397240028721742 2.77128081007672
-1.7245179210716968 0.20387759677472364 2.7712813740374758
-1.7618071543314802 0.21835406178730554 2.7712818594890827
-1.812613657937121 0.23807817958443994 2.7712826132543547
-1.857360587999216 0.2554498090879106 2.771283355178827
-1.9030396598066934 0.27318327307308576 2.7712841730163884
-1.9482525982489083 0.2907357348422646 2.7712848747994507
-1.9985927879761791 0.3102786497987531 2.7712854169515952
-2.0480007495579966 0.3294596346175853 2.7712856948604796
-2.099273145291965 0.3493644146151808 2.771285711773376
-2.137028253234766 0.36402156672385844 2.7712855471029485
-2.1827072410834107 0.3817549134022403 2.771285149642757
-2.234911764765873 0.40202161489682503 2.771284468555264
-2.289913070539664 0.42337412102320243 2.771283750510664
-2.3346599961872787 0.44074572274769047 2.771283213627144
-2.3705826367736686 0.45582996930527153 2.7734932748560595
-2.4130480449591833 0.4749176325201251 2.8093938926197195
-2.466911825383279 0.49197550161268344 2.8608706864414772
-2.5084537858439253 0.5030873410033347 2.900048058471977
-2.5597142645122997 0.514435076499575 2.9478812069906297
-2.603547401096191 0.5221251070036945 2.9884256792825883
-2.6585937250278815 0.5292162139983464 3.038992474726256
-2.713928087301339 0.5335159006695582 3.089559249008397
-2.755907747256234 0.5349072271486293 3.12782588635315
-2.8014090343127607 0.5346009666844791 3.1692812190101893
-2.853840951376961 0.5319048885265882 3.217113952661993
-2.905587383206363 0.5267661985485584 3.2644906820198623
-2.9456867462473237 0.5210695478933454 3.30138950350339
-3.0075733775516884 0.509278568221058 3.358790291392863
-3.055244375152877 0.49764572956812575 3.403790057341629
-3.1051151519414573 0.48293187274742455 3.4537468178611817
-3.1536715191321245 0.46594171060247586 3.5031721407340277
-3.2008219138664873 0.44679408221086114 3.5520659990425325
-3.25835164497954 0.419656922370647 3.613183296312334
-3.3107763589608754 0.3910160420293675 3.6705803696291315
-3.351293328616416 0.366087312230096 3.716285406265365
-3.3987048276362253 0.33350784222415947 3.771556553669289
-3.4395201857948168 0.3021949097955944 3.820981649717096
-3.4832672725909988 0.26483887297853004 3.876252643044279
-3.5229337340440363 0.22708468217429628 3.928866291350526
-3.5612981698699913 0.18647262200486678 3.9825427924528527
-3.5974284559302614 0.14386071811612355 4.036219248188461
-3.631220518814069 0.09937175795489539 4.08989561646002
-3.6634679438103763 0.051738713907581835 4.145160172410076
-3.6889141063571964 0.009662043487998706 -2.091326256514243
-3.714393254629462 -0.03738102255525805 -2.0425848540542377
-3.7373447957169286 -0.08515417613349036 -1.9942983874094269
-3.754254282345 -0.12469214874309664 -1.9551221702258343
-3.7717850213750053 -0.17098572168137238 -1.9100235680962747
-3.7883645910013866 -0.22185342328738372 -1.8612802368729044
-3.800623880913434 -0.2661925073680286 -1.8193698362904993
-3.8120307515104224 -0.31590280836401896 -1.772903794843453
-3.8208824133634307 -0.3646075348319119 -1.7278043488800765
-3.8279153937599775 -0.41714093487417986 -1.6795161258175535
-3.832779237232818 -0.47644254176132333 -1.6253060178458076
-3.834265770315058 -0.5179189074185104 -1.5874958590070336
-3.833882932689934 -0.5709191384288743 -1.5392085849795825
-3.8312912412619706 -0.6193518171390378 -1.495021635643324
-3.826018388616963 -0.672064291131748 -1.4466990846446306
-3.8193180655000125 -0.7183827390417732 -1.3977346183612254
-3.8102052680467984 -0.7631493785254811 -1.340785954732578
-3.7943210246247046 -0.8210061945311042 -1.2642589802122
-3.7790732911175087 -0.8660209640762756 -1.202698312106246
-3.7696177137175018 -0.8906449003935691 -1.1532685046015256
-3.7638808413867184 -0.9031182479829356 -1.1258134335256236
-3.7631615703585943 -0.9046203346352091 -1.122482776343355
-3.7631615703585943 -0.9046203346352091 -1.122482776343355
-3.7631615703585943 -0.9046203346352091 -1.122482776343355
-3.7631615703585943 -0.9046203346352091 -1.122482776343355
-3.7631615703585943 -0.9046203346352091 -1.122482776343355
-3.7631615703585943 -0.9046203346352091 -1.122482776343355
-3.7631615703585943 -0.9046203346352091 -1.122482776343355
-3.7631615703585943 -0.9046203346352091 -1.122482776343355
-3.7631615703585943 -0.9046203346352091 -1.122482776343355
-3.7631615703585943 -0.9046203346352091 -1.122482776343355
-3.7631615703585943 -0.9046203346352091 -1.122482776343355
-3.7631615703585943 -0.9046203346352091 -1.122482776343355
-3.7631615703585943 -0.9046203346352091 -1.122482776343355
-3.7631615703585943 -0.9046203346352091 -1.122482776343355
